30
0 5 19 28 26 25 3 9 4 16 25 15 16 21 13 26 7 4 16 1 29 27 13 14 20 25 25 1 23 15 
5 0 9 24 26 8 19 4 29 11 1 1 1 21 18 1 29 13 22 7 14 24 1 17 8 25 15 16 18 8 
19 9 0 12 8 22 8 25 15 10 30 1 14 27 30 18 30 21 4 6 21 24 28 10 4 24 11 29 24 23 
28 24 12 0 17 30 14 17 27 30 22 7 10 10 19 29 16 28 17 13 19 28 2 16 8 24 26 13 14 22 
26 26 8 17 0 6 12 18 29 23 25 22 24 12 3 15 22 17 4 25 6 17 27 13 12 16 24 1 16 2 
25 8 22 30 6 0 10 23 28 20 19 19 13 21 6 6 17 8 1 25 7 18 30 28 18 8 13 17 12 28 
3 19 8 14 12 10 0 19 12 15 30 9 22 18 20 24 1 13 26 28 27 29 24 17 26 5 17 25 18 7 
9 4 25 17 18 23 19 0 14 2 16 28 12 19 18 7 17 14 16 27 12 14 12 1 18 18 20 26 20 11 
4 29 15 27 29 28 12 14 0 15 20 1 26 8 21 6 18 19 6 28 3 26 18 26 28 27 30 9 2 27 
16 11 10 30 23 20 15 2 15 0 22 3 3 28 1 15 1 25 25 9 8 9 4 26 20 6 12 10 3 6 
25 1 30 22 25 19 30 16 20 22 0 6 9 17 6 22 9 21 23 10 15 23 11 16 16 4 1 10 13 11 
15 1 1 7 22 19 9 28 1 3 6 0 14 26 7 9 4 9 29 24 17 7 20 14 27 1 8 1 13 5 
16 1 14 10 24 13 22 12 26 3 9 14 0 2 24 6 15 23 17 22 14 18 27 8 21 26 23 17 15 8 
21 21 27 10 12 21 18 19 8 28 17 26 2 0 17 21 1 13 22 19 26 11 22 21 14 2 24 10 5 7 
13 18 30 19 3 6 20 18 21 1 6 7 24 17 0 29 2 10 3 28 3 10 30 10 24 6 14 19 9 5 
26 1 18 29 15 6 24 7 6 15 22 9 6 21 29 0 1 18 29 28 2 19 27 7 29 19 15 6 27 28 
7 29 30 16 22 17 1 17 18 1 9 4 15 1 2 1 0 28 25 23 20 17 2 13 7 12 4 7 19 22 
4 13 21 28 17 8 13 14 19 25 21 9 23 13 10 18 28 0 29 14 19 7 16 4 22 13 10 17 16 1 
16 22 4 17 4 1 26 16 6 25 23 29 17 22 3 29 25 29 0 11 20 28 13 29 10 1 6 7 28 11 
1 7 6 13 25 25 28 27 28 9 10 24 22 19 28 28 23 14 11 0 26 19 26 5 11 14 7 9 22 4 
29 14 21 19 6 7 27 12 3 8 15 17 14 26 3 2 20 19 20 26 0 27 13 30 18 12 30 29 27 22 
27 24 24 28 17 18 29 14 26 9 23 7 18 11 10 19 17 7 28 19 27 0 18 16 25 18 8 3 24 2 
13 1 28 2 27 30 24 12 18 4 11 20 27 22 30 27 2 16 13 26 13 18 0 3 5 6 6 30 18 7 
14 17 10 16 13 28 17 1 26 26 16 14 8 21 10 7 13 4 29 5 30 16 3 0 9 25 11 20 17 27 
20 8 4 8 12 18 26 18 28 20 16 27 21 14 24 29 7 22 10 11 18 25 5 9 0 9 12 11 11 4 
25 25 24 24 16 8 5 18 27 6 4 1 26 2 6 19 12 13 1 14 12 18 6 25 9 0 10 8 28 20 
25 15 11 26 24 13 17 20 30 12 1 8 23 24 14 15 4 10 6 7 30 8 6 11 12 10 0 25 23 29 
1 16 29 13 1 17 25 26 9 10 10 1 17 10 19 6 7 17 7 9 29 3 30 20 11 8 25 0 16 5 
23 18 24 14 16 12 18 20 2 3 13 13 15 5 9 27 19 16 28 22 27 24 18 17 11 28 23 16 0 19 
15 8 23 22 2 28 7 11 27 6 11 5 8 7 5 28 22 1 11 4 22 2 7 27 4 20 29 5 19 0 
