100
0 5 19 28 26 25 3 9 4 16 25 15 16 21 13 26 7 4 16 1 29 27 13 14 20 25 25 1 23 15 9 24 26 8 19 4 29 11 1 1 1 21 18 1 29 13 22 7 14 24 1 17 8 25 15 16 18 8 12 8 22 8 25 15 10 30 1 14 27 30 18 30 21 4 6 21 24 28 10 4 24 11 29 24 23 17 30 14 17 27 30 22 7 10 10 19 29 16 28 17 
5 0 13 19 28 2 16 8 24 26 13 14 22 6 12 18 29 23 25 22 24 12 3 15 22 17 4 25 6 17 27 13 12 16 24 1 16 2 10 23 28 20 19 19 13 21 6 6 17 8 1 25 7 18 30 28 18 8 13 17 12 28 19 12 15 30 9 22 18 20 24 1 13 26 28 27 29 24 17 26 5 17 25 18 7 14 2 16 28 12 19 18 7 17 14 16 27 12 14 12 
19 13 0 1 18 18 20 26 20 11 15 20 1 26 8 21 6 18 19 6 28 3 26 18 26 28 27 30 9 2 27 22 3 3 28 1 15 1 25 25 9 8 9 4 26 20 6 12 10 3 6 6 9 17 6 22 9 21 23 10 15 23 11 16 16 4 1 10 13 11 14 26 7 9 4 9 29 24 17 7 20 14 27 1 8 1 13 5 2 24 6 15 23 17 22 14 18 27 8 21 
28 19 1 0 26 23 17 15 8 17 21 1 13 22 19 26 11 22 21 14 2 24 10 5 7 29 2 10 3 28 3 10 30 10 24 6 14 19 9 5 1 18 29 28 2 19 27 7 29 19 15 6 27 28 28 25 23 20 17 2 13 7 12 4 7 19 22 29 14 19 7 16 4 22 13 10 17 16 1 11 20 28 13 29 10 1 6 7 28 11 26 19 26 5 11 14 7 9 22 4 
26 28 18 26 0 27 13 30 18 12 30 29 27 22 18 16 25 18 8 3 24 2 3 5 6 6 30 18 7 9 25 11 20 17 27 9 12 11 11 4 10 8 28 20 25 23 29 16 5 19 18 25 4 11 2 14 3 13 28 26 5 27 5 11 4 20 19 26 30 13 3 19 18 8 19 3 9 12 29 10 19 18 30 4 15 29 9 4 26 2 27 10 1 20 22 1 3 14 4 27 
25 2 18 23 27 0 29 26 2 7 8 26 19 14 6 4 15 6 22 8 6 24 28 4 14 30 13 26 18 30 27 10 18 9 23 16 11 4 7 21 11 2 1 1 26 30 10 24 20 11 15 13 11 13 3 3 30 11 20 15 4 9 7 26 20 25 29 18 28 23 16 22 12 9 6 18 7 10 7 8 12 3 27 9 3 25 15 3 21 19 21 11 8 13 10 2 11 6 11 26 
3 16 20 17 13 29 0 28 19 29 30 10 8 11 4 18 20 19 26 20 3 8 8 1 26 8 13 3 9 18 28 3 24 3 1 21 1 10 25 26 12 16 16 28 28 5 4 17 25 26 11 3 17 22 6 6 25 5 5 27 28 11 10 4 23 17 27 30 20 10 5 29 7 5 18 30 24 2 25 11 27 29 20 26 22 30 18 27 24 23 7 6 10 14 18 6 2 23 28 22 
9 8 26 15 30 26 28 0 8 9 25 3 22 15 26 14 18 9 18 15 28 18 15 1 13 27 11 6 9 16 1 26 21 30 14 19 1 2 23 12 19 5 19 5 5 9 27 9 13 19 13 6 20 3 8 16 1 6 17 11 17 29 21 30 15 30 22 21 24 8 8 11 16 22 16 8 23 14 11 18 20 30 24 30 21 9 21 8 2 30 3 25 17 21 29 12 6 17 25 26 
4 24 20 8 18 2 19 8 0 29 7 10 10 23 10 28 18 12 6 23 23 24 15 20 3 28 4 29 20 17 19 13 6 5 9 14 7 19 24 25 26 2 16 22 13 23 21 12 13 17 28 6 18 24 2 17 3 26 9 21 4 9 24 30 3 5 25 20 27 22 22 23 3 15 28 30 8 28 13 26 29 14 13 6 30 11 15 5 20 30 16 7 4 14 20 18 14 30 4 22 
16 26 11 17 12 7 29 9 29 0 10 9 8 13 24 18 1 7 17 15 19 1 1 21 20 8 27 9 7 6 10 5 18 7 9 10 19 25 9 27 22 15 26 28 26 28 6 18 12 16 14 28 4 25 7 19 29 13 7 10 26 4 29 26 1 4 19 24 1 18 10 22 25 24 21 5 3 17 12 19 26 10 14 17 22 12 25 17 11 1 4 15 23 15 12 10 18 13 11 26 
25 13 15 21 30 8 30 25 7 10 0 24 22 19 16 4 21 30 13 13 7 18 1 9 21 20 24 29 24 27 24 17 7 30 15 20 27 17 14 30 24 23 10 23 6 15 20 22 17 7 12 17 1 22 13 19 14 13 11 28 20 19 24 23 29 24 3 16 24 8 21 21 10 21 1 14 24 21 5 21 25 30 13 26 9 28 6 25 3 27 25 20 1 12 30 9 26 23 14 28 
15 14 20 1 29 26 10 3 10 9 24 0 22 18 10 5 15 27 9 16 6 15 17 2 9 17 4 24 19 14 3 12 3 22 15 1 6 17 23 6 23 3 13 21 23 9 20 10 7 17 7 8 29 11 9 3 3 23 27 30 17 22 12 15 17 18 24 2 6 10 21 24 23 27 18 9 12 20 24 8 13 18 13 6 16 26 9 28 20 11 23 8 9 20 23 8 28 22 1 28 
16 22 1 13 27 19 8 22 10 8 22 22 0 29 28 20 13 11 30 14 30 25 8 26 9 7 3 21 24 6 28 19 15 19 30 30 24 5 20 9 15 17 6 5 25 5 29 23 15 12 10 25 13 8 4 23 7 23 22 10 3 4 8 13 11 16 30 4 6 2 2 26 20 1 29 25 7 22 2 16 23 17 27 24 29 20 15 11 22 27 9 4 20 23 6 4 8 13 8 16 
21 6 26 22 22 14 11 15 23 13 19 18 29 0 15 13 25 6 8 8 27 10 15 18 19 13 7 15 23 9 11 16 19 4 30 7 3 2 1 26 1 28 16 11 29 13 28 19 10 30 7 13 6 29 27 25 21 5 26 30 1 1 13 5 29 22 18 2 19 13 9 5 3 15 21 27 10 29 1 2 18 2 17 27 5 2 30 9 25 4 14 3 7 1 16 21 5 24 9 22 
13 12 8 19 18 6 4 26 10 24 16 10 28 15 0 27 28 7 22 15 13 11 21 9 9 21 21 8 8 2 19 30 26 19 6 12 14 20 23 18 21 17 2 29 12 18 14 18 7 23 29 18 14 30 22 3 23 9 24 20 24 25 3 9 6 4 5 2 30 7 28 14 28 2 2 21 3 30 27 17 16 17 12 4 11 2 5 18 2 15 22 5 29 13 25 23 29 29 15 1 
26 18 21 26 16 4 18 14 28 18 4 5 20 13 27 0 24 17 9 3 9 26 11 3 10 2 28 13 2 24 9 11 24 5 9 26 13 26 4 28 22 10 4 14 27 8 17 18 7 11 30 11 17 26 13 29 19 16 4 5 21 27 15 17 18 24 28 27 19 23 17 18 1 29 27 10 24 6 7 12 13 17 11 4 14 12 5 19 3 2 10 27 26 21 18 11 14 10 11 12 
7 29 6 11 25 15 20 18 18 1 21 15 13 25 28 24 0 9 11 24 24 17 17 1 17 4 5 11 30 24 11 26 11 19 3 15 9 16 15 30 12 30 24 13 27 29 30 3 30 19 26 2 5 2 17 16 19 28 9 26 8 23 19 24 11 12 26 21 12 13 10 15 20 11 18 17 6 1 5 9 22 8 19 5 30 4 6 25 14 24 20 2 26 4 18 22 9 23 4 7 
4 23 18 22 18 6 19 9 12 7 30 27 11 6 7 17 9 0 9 3 21 19 17 21 3 28 3 26 28 7 21 27 6 17 28 14 1 19 12 29 28 16 23 26 10 8 29 7 20 16 28 29 29 8 14 15 22 12 18 30 7 26 16 24 3 27 27 9 14 7 1 24 18 25 13 17 29 16 3 13 20 29 17 26 19 19 14 2 12 28 15 1 7 10 23 23 21 1 18 4 
16 25 19 21 8 22 26 18 6 17 13 9 30 8 22 9 11 9 0 27 10 17 29 24 11 25 18 21 19 18 10 17 14 18 27 30 17 14 20 21 19 10 15 10 5 17 15 19 5 18 25 6 9 21 1 14 24 22 19 2 12 14 13 10 30 22 29 25 22 1 29 3 30 3 28 1 13 9 15 9 26 26 12 21 24 28 16 25 11 13 15 26 4 16 12 5 14 5 1 6 
1 22 6 14 3 8 20 15 23 15 13 16 14 8 15 3 24 3 27 0 27 9 12 28 5 19 26 10 14 9 17 10 24 14 23 9 14 11 25 30 16 7 23 27 16 13 23 14 3 3 5 7 5 8 24 1 4 9 5 16 25 4 13 21 24 6 27 1 3 14 20 2 18 7 18 14 12 2 21 30 4 24 18 22 14 27 22 24 4 9 22 9 6 16 26 26 23 28 2 26 
29 24 28 2 24 6 3 28 23 19 7 6 30 27 13 9 24 21 10 27 0 7 22 21 3 28 13 4 22 15 10 22 17 16 29 13 4 20 28 16 4 5 13 20 29 23 7 6 17 9 14 24 29 30 18 10 28 16 21 29 26 18 30 7 26 25 20 11 28 16 4 1 25 24 22 12 30 29 23 9 2 18 21 15 10 25 29 27 4 8 17 9 9 23 8 14 5 5 9 7 
27 12 3 24 2 24 8 18 24 1 18 15 25 10 11 26 17 19 17 9 7 0 14 18 21 20 29 2 18 27 20 17 5 14 9 9 16 23 10 9 16 7 16 12 20 16 8 11 6 20 25 6 24 29 19 23 15 18 5 2 17 11 17 23 5 21 25 26 29 7 11 20 16 16 11 4 5 29 5 23 9 8 3 21 18 27 23 2 19 6 22 4 8 19 7 17 19 22 29 10 
13 3 26 10 3 28 8 15 15 1 1 17 8 15 21 11 17 17 29 12 22 14 0 14 11 1 25 1 27 10 27 20 8 3 24 8 9 22 21 28 11 9 20 24 17 13 1 4 11 12 5 4 9 29 25 5 22 19 2 12 3 3 24 4 10 11 8 9 17 2 12 1 3 5 30 13 12 30 24 21 23 8 4 22 11 9 1 17 29 11 4 12 30 26 26 21 24 27 5 20 
14 15 18 5 5 4 1 1 20 21 9 2 26 18 9 3 1 21 24 28 21 18 14 0 30 28 9 13 3 22 19 20 24 17 16 19 14 18 30 13 10 29 8 21 10 18 5 2 20 17 4 6 8 7 29 14 9 18 1 9 18 9 17 9 16 5 13 23 4 24 12 3 21 18 12 18 18 28 26 24 17 22 19 1 20 10 15 22 5 5 3 30 19 5 22 29 27 7 16 27 
20 22 26 7 6 14 26 13 3 20 21 9 9 19 9 10 17 3 11 5 3 21 11 30 0 26 28 25 11 12 29 10 6 5 28 26 13 27 15 13 4 20 5 9 10 22 22 26 21 20 1 18 1 30 27 21 5 13 24 18 29 4 15 1 25 14 20 22 14 9 30 12 14 13 20 15 2 4 16 25 2 21 23 23 1 26 2 27 4 19 5 17 17 25 12 18 9 26 19 30 
25 17 28 29 6 30 8 27 28 8 20 17 7 13 21 2 4 28 25 19 28 20 1 28 26 0 21 12 26 16 27 23 8 30 26 20 8 4 18 12 28 6 4 25 2 30 23 11 14 29 24 12 9 22 21 29 25 30 2 20 14 14 13 12 10 25 27 11 15 26 23 8 21 20 17 5 2 11 22 4 29 17 6 18 21 21 16 29 11 25 23 4 19 1 16 29 7 13 21 27 
25 4 27 2 30 13 13 11 4 27 24 4 3 7 21 28 5 3 18 26 13 29 25 9 28 21 0 6 13 23 8 4 8 11 11 22 8 26 22 15 24 16 12 16 21 25 22 24 30 7 14 15 13 18 4 19 16 30 9 27 5 5 1 13 14 4 26 1 21 3 6 15 25 13 22 17 26 27 10 30 5 5 17 27 4 9 1 15 13 26 21 23 24 26 30 8 18 23 13 1 
1 25 30 10 18 26 3 6 29 9 29 24 21 15 8 13 11 26 21 10 4 2 1 13 25 12 6 0 18 26 8 14 30 6 22 6 11 22 8 3 25 18 30 18 6 6 13 19 1 17 7 14 8 26 2 30 17 24 7 23 17 23 20 21 18 3 8 13 25 15 4 19 21 2 13 3 18 4 21 27 16 2 17 8 25 1 1 28 10 15 9 24 14 6 20 5 18 23 27 11 
23 6 9 3 7 18 9 9 20 7 24 19 24 23 8 2 30 28 19 14 22 18 27 3 11 26 13 18 0 25 18 21 15 17 26 14 18 6 23 13 23 13 26 7 16 27 9 12 30 5 9 19 9 28 6 25 24 20 3 24 12 11 30 5 9 9 9 12 13 9 19 15 1 5 5 9 8 7 3 26 19 18 20 7 18 14 23 28 8 19 5 18 15 13 23 7 3 21 30 3 
15 17 2 28 9 30 18 16 17 6 27 14 6 9 2 24 24 7 18 9 15 27 10 22 12 16 23 26 25 0 5 26 22 2 1 24 13 13 14 22 5 19 20 5 22 18 18 3 30 8 28 13 5 10 7 22 24 13 12 24 27 6 8 10 23 5 12 16 18 10 3 17 27 10 7 23 15 1 10 26 26 20 19 4 20 12 25 15 9 20 2 2 27 26 11 6 26 5 30 21 
9 27 27 3 25 27 28 1 19 10 24 3 28 11 19 9 11 21 10 17 10 20 27 19 29 27 8 8 18 5 0 27 4 4 28 14 21 19 8 24 7 17 17 13 4 30 29 23 7 27 13 22 30 17 5 27 23 19 9 24 1 23 4 26 7 25 19 13 22 16 18 20 8 9 2 21 6 22 22 30 18 17 8 28 14 9 25 22 14 13 9 16 4 22 27 27 5 6 18 1 
24 13 22 10 11 10 3 26 13 5 17 12 19 16 30 11 26 27 17 10 22 17 20 20 10 23 4 14 21 26 27 0 15 25 2 16 7 13 27 24 18 27 30 11 30 8 4 3 22 24 2 28 14 27 15 7 6 20 17 7 28 17 13 17 12 7 8 12 22 29 19 25 25 3 11 29 2 15 2 27 20 6 29 5 28 30 10 16 2 19 17 3 28 27 19 13 3 13 26 17 
26 12 3 30 20 18 24 21 6 18 7 3 15 19 26 24 11 6 14 24 17 5 8 24 6 8 8 30 15 22 4 15 0 27 19 21 10 13 9 29 12 16 30 2 18 30 28 16 1 14 10 19 24 11 26 5 20 19 18 28 9 3 28 20 26 26 25 12 14 13 17 26 1 19 19 4 2 19 17 1 4 29 11 11 30 12 25 18 2 21 12 19 3 16 29 21 3 28 18 15 
8 16 3 10 17 9 3 30 5 7 30 22 19 4 19 5 19 17 18 14 16 14 3 17 5 30 11 6 17 2 4 25 27 0 11 17 30 26 18 1 30 6 30 11 12 7 5 29 19 5 19 4 13 11 28 17 14 27 12 11 28 9 20 12 2 23 3 25 21 8 27 26 9 25 13 18 10 19 26 20 3 3 23 6 29 30 9 14 3 5 10 18 24 21 9 8 7 4 9 24 
19 24 28 24 27 23 1 14 9 9 15 15 30 30 6 9 3 28 27 23 29 9 24 16 28 26 11 22 26 1 28 2 19 11 0 16 2 24 17 10 26 28 26 7 27 18 3 18 11 11 30 10 28 17 5 2 15 27 12 26 24 2 1 11 14 24 6 29 18 2 23 19 23 22 21 28 17 14 6 29 7 8 4 19 5 19 17 4 24 9 15 7 26 2 12 15 11 30 20 24 
4 1 1 6 9 16 21 19 14 10 20 1 30 7 12 26 15 14 30 9 13 9 8 19 26 20 22 6 14 24 14 16 21 17 16 0 12 8 30 30 21 1 1 16 2 6 9 29 18 2 1 8 25 29 3 17 27 6 2 17 7 7 15 10 8 16 17 12 11 13 21 3 7 20 6 7 22 20 10 30 19 14 20 16 12 1 16 1 30 4 22 21 19 22 20 28 14 27 23 19 
29 16 15 14 12 11 1 1 7 19 27 6 24 3 14 13 9 1 17 14 4 16 9 14 13 8 8 11 18 13 21 7 10 30 2 12 0 11 11 3 21 14 7 23 17 26 16 27 27 20 19 22 18 17 28 16 20 22 24 19 29 28 25 15 20 16 6 27 9 22 27 17 10 19 25 26 13 20 18 9 9 10 1 20 25 2 26 15 15 29 12 8 17 15 7 23 16 30 11 23 
11 2 1 19 11 4 10 2 19 25 17 17 5 2 20 26 16 19 14 11 20 23 22 18 27 4 26 22 6 13 19 13 13 26 24 8 11 0 21 5 13 28 14 2 21 4 12 28 26 30 1 9 25 18 24 2 10 13 1 11 11 10 19 29 26 27 28 2 7 23 3 11 4 22 27 21 3 5 25 23 10 14 20 11 8 1 21 23 23 6 25 25 25 17 24 19 21 12 10 10 
1 10 25 9 11 7 25 23 24 9 14 23 20 1 23 4 15 12 20 25 28 10 21 30 15 18 22 8 23 14 8 27 9 18 17 30 11 21 0 13 14 30 17 15 26 28 28 3 7 14 8 20 2 20 8 21 8 8 23 13 13 7 20 5 24 10 24 24 29 12 1 23 23 22 10 15 16 6 22 5 1 12 14 18 11 28 26 17 16 11 20 4 19 21 10 26 18 22 9 14 
1 23 25 5 4 21 26 12 25 27 30 6 9 26 18 28 30 29 21 30 16 9 28 13 13 12 15 3 13 22 24 24 29 1 10 30 3 5 13 0 1 27 10 25 3 21 16 4 17 8 28 20 24 21 24 30 9 14 12 26 8 2 4 20 17 17 17 6 5 10 30 2 29 3 7 1 22 2 14 24 23 28 1 3 2 1 2 18 11 11 26 1 20 1 18 7 16 7 9 10 
1 28 9 1 10 11 12 19 26 22 24 23 15 1 21 22 12 28 19 16 4 16 11 10 4 28 24 25 23 5 7 18 12 30 26 21 21 13 14 1 0 19 18 17 9 29 8 6 7 13 29 2 8 18 23 15 2 11 11 14 4 1 19 6 17 21 3 25 6 7 8 6 10 29 26 4 2 26 11 29 24 5 3 27 15 5 8 2 24 10 12 2 19 3 15 7 26 8 22 6 
21 20 8 18 8 2 16 5 2 15 23 3 17 28 17 10 30 16 10 7 5 7 9 29 20 6 16 18 13 19 17 27 16 6 28 1 14 28 30 27 19 0 4 2 7 2 24 24 4 3 26 26 24 8 10 23 9 17 14 28 8 24 2 24 9 25 7 11 12 12 15 25 28 30 22 28 20 13 28 22 13 3 14 30 8 27 27 16 29 11 30 6 20 21 4 8 3 25 26 14 
18 19 9 29 28 1 16 19 16 26 10 13 6 16 2 4 24 23 15 23 13 16 20 8 5 4 12 30 26 20 17 30 30 30 26 1 7 14 17 10 18 4 0 29 9 18 10 30 30 11 25 27 12 14 15 12 12 11 13 16 17 1 12 5 10 6 10 19 5 28 18 23 24 5 6 15 21 21 5 5 6 3 27 20 9 8 12 21 11 6 9 28 16 10 3 14 5 18 12 29 
1 19 4 28 20 1 28 5 22 28 23 21 5 11 29 14 13 26 10 27 20 12 24 21 9 25 16 18 7 5 13 11 2 11 7 16 23 2 15 25 17 2 29 0 15 30 4 28 5 22 11 3 22 6 16 18 2 2 24 7 21 12 24 12 17 30 28 12 28 28 26 17 21 26 22 12 11 21 4 6 13 2 9 29 20 23 26 7 2 8 27 28 10 11 19 13 8 12 25 2 
29 13 26 2 25 26 28 5 13 26 6 23 25 29 12 27 27 10 5 16 29 20 17 10 10 2 21 6 16 22 4 30 18 12 27 2 17 21 26 3 9 7 9 15 0 8 10 23 19 1 7 4 5 8 12 17 29 9 5 6 8 3 10 19 17 17 29 29 18 20 29 28 18 26 14 28 28 15 19 17 16 6 17 28 12 7 14 26 3 9 7 8 25 5 5 25 7 1 6 16 
13 21 20 19 23 30 5 9 23 28 15 9 5 13 18 8 29 8 17 13 23 16 13 18 22 30 25 6 27 18 30 8 30 7 18 6 26 4 28 21 29 2 18 30 8 0 12 6 2 26 12 3 20 8 22 23 28 7 3 15 21 21 7 20 11 6 19 23 27 27 22 23 30 1 7 11 29 16 18 2 29 2 28 12 16 18 12 5 16 3 17 11 22 24 30 19 22 10 20 11 
22 6 6 27 29 10 4 27 21 6 20 20 29 28 14 17 30 29 15 23 7 8 1 5 22 23 22 13 9 18 29 4 28 5 3 9 16 12 28 16 8 24 10 4 10 12 0 29 26 19 3 16 11 14 28 3 9 3 22 21 28 11 1 6 30 11 8 11 9 27 27 9 28 10 16 14 1 10 6 21 10 2 4 14 14 30 20 7 9 12 25 21 24 19 16 19 10 20 9 22 
7 6 12 7 16 24 17 9 12 18 22 10 23 19 18 18 3 7 19 14 6 11 4 2 26 11 24 19 12 3 23 3 16 29 18 29 27 28 3 4 6 24 30 28 23 6 29 0 6 11 5 12 4 13 12 17 24 19 23 28 7 13 15 5 27 16 23 8 2 24 21 8 3 24 3 2 17 17 16 19 16 23 11 30 17 26 6 19 23 16 13 1 13 18 24 18 27 24 15 6 
14 17 10 29 5 20 25 13 13 12 17 7 15 10 7 7 30 20 5 3 17 6 11 20 21 14 30 1 30 30 7 22 1 19 11 18 27 26 7 17 7 4 30 5 19 2 26 6 0 19 19 12 2 27 24 12 27 12 15 8 23 21 22 18 10 28 3 15 25 28 12 7 6 5 15 30 27 2 12 19 11 26 6 19 16 16 1 19 8 29 29 20 2 15 21 6 17 7 13 15 
24 8 3 19 19 11 26 19 17 16 7 17 12 30 23 11 19 16 18 3 9 20 12 17 20 29 7 17 5 8 27 24 14 5 11 2 20 30 14 8 13 3 11 22 1 26 19 11 19 0 4 11 9 5 6 11 5 6 26 30 24 20 17 10 8 18 23 14 15 15 17 18 10 6 17 20 17 10 19 27 26 7 10 22 5 22 1 27 11 4 14 13 23 21 17 24 6 20 29 15 
1 1 6 15 18 15 11 13 28 14 12 7 10 7 29 30 26 28 25 5 14 25 5 4 1 24 14 7 9 28 13 2 10 19 30 1 19 1 8 28 29 26 25 11 7 12 3 5 19 4 0 15 27 18 15 12 27 7 2 3 24 4 4 18 13 5 15 13 6 16 15 17 28 19 2 19 7 19 15 16 13 10 30 12 25 25 6 27 20 9 6 29 25 1 18 2 26 22 3 30 
17 25 6 6 25 13 3 6 6 28 17 8 25 13 18 11 2 29 6 7 24 6 4 6 18 12 15 14 19 13 22 28 19 4 10 8 22 9 20 20 2 26 27 3 4 3 16 12 12 11 15 0 18 8 15 28 11 15 11 29 24 4 13 2 24 15 9 30 14 15 11 17 4 6 13 18 28 14 29 29 20 24 28 16 17 5 11 5 12 5 20 7 8 26 26 7 29 15 21 29 
8 7 9 27 4 11 17 20 18 4 1 29 13 6 14 17 5 29 9 5 29 24 9 8 1 9 13 8 9 5 30 14 24 13 28 25 18 25 2 24 8 24 12 22 5 20 11 4 2 9 27 18 0 5 4 23 4 14 2 15 5 12 18 11 9 13 1 13 16 23 15 10 24 23 10 21 19 13 11 28 25 10 6 4 16 6 15 5 15 4 18 4 18 11 11 27 16 22 18 30 
25 18 17 28 11 13 22 3 24 25 22 11 8 29 30 26 2 8 21 8 30 29 29 7 30 22 18 26 28 10 17 27 11 11 17 29 17 18 20 21 18 8 14 6 8 8 14 13 27 5 18 8 5 0 21 11 24 19 11 18 19 26 15 11 16 23 13 27 18 30 7 6 8 18 7 28 20 30 8 2 25 11 29 20 25 2 11 14 1 12 12 12 20 20 29 22 28 14 7 26 
15 30 6 28 2 3 6 8 2 7 13 9 4 27 22 13 17 14 1 24 18 19 25 29 27 21 4 2 6 7 5 15 26 28 5 3 28 24 8 24 23 10 15 16 12 22 28 12 24 6 15 15 4 21 0 29 28 10 30 8 11 13 23 13 22 25 6 1 13 21 29 12 20 26 25 20 27 29 8 8 3 27 20 11 13 7 23 28 10 4 14 1 26 12 3 26 14 5 4 18 
16 28 22 25 14 3 6 16 17 19 19 3 23 25 3 29 16 15 14 1 10 23 5 14 21 29 19 30 25 22 27 7 5 17 2 17 16 2 21 30 15 23 12 18 17 23 3 17 12 11 12 28 23 11 29 0 26 24 27 6 25 11 5 13 14 11 18 28 21 23 17 9 7 7 6 6 18 6 5 4 15 19 17 5 14 5 28 11 20 26 24 23 22 11 20 5 1 12 25 6 
18 18 9 23 3 30 25 1 3 29 14 3 7 21 23 19 19 22 24 4 28 15 22 9 5 25 16 17 24 24 23 6 20 14 15 27 20 10 8 9 2 9 12 2 29 28 9 24 27 5 27 11 4 24 28 26 0 8 8 23 16 19 16 2 30 21 3 5 18 16 19 5 7 12 23 5 9 29 24 12 3 13 16 1 17 15 29 7 24 8 7 23 30 26 1 24 23 10 2 9 
8 8 21 20 13 11 5 6 26 13 13 23 23 5 9 16 28 12 22 9 16 18 19 18 13 30 30 24 20 13 19 20 19 27 27 6 22 13 8 14 11 17 11 2 9 7 3 19 12 6 7 15 14 19 10 24 8 0 27 17 7 3 26 4 27 26 25 28 4 28 13 11 4 15 23 30 19 17 23 21 16 22 9 5 14 12 21 12 30 25 13 14 14 12 18 30 7 7 3 5 
12 13 23 17 28 20 5 17 9 7 11 27 22 26 24 4 9 18 19 5 21 5 2 1 24 2 9 7 3 12 9 17 18 12 12 2 24 1 23 12 11 14 13 24 5 3 22 23 15 26 2 11 2 11 30 27 8 27 0 8 8 1 8 22 13 15 26 20 15 19 4 2 6 27 27 27 17 1 2 14 28 26 9 14 5 28 8 23 25 22 12 29 14 25 11 19 24 2 17 15 
8 17 10 2 26 15 27 11 21 10 28 30 10 30 20 5 26 30 2 16 29 2 12 9 18 20 27 23 24 24 24 7 28 11 26 17 19 11 13 26 14 28 16 7 6 15 21 28 8 30 3 29 15 18 8 6 23 17 8 0 5 23 30 17 12 19 2 12 4 27 28 8 21 21 4 14 5 26 1 12 5 5 10 1 16 21 1 16 3 25 26 19 14 3 16 18 20 17 4 5 
22 12 15 13 5 4 28 17 4 26 20 17 3 1 24 21 8 7 12 25 26 17 3 18 29 14 5 17 12 27 1 28 9 28 24 7 29 11 13 8 4 8 17 21 8 21 28 7 23 24 24 24 5 19 11 25 16 7 8 5 0 18 28 22 23 13 21 20 18 14 8 30 17 13 16 27 24 11 15 4 3 7 19 20 28 23 12 4 4 12 4 29 30 7 4 23 21 19 3 1 
8 28 23 7 27 9 11 29 9 4 19 22 4 1 25 27 23 26 14 4 18 11 3 9 4 14 5 23 11 6 23 17 3 9 2 7 28 10 7 2 1 24 1 12 3 21 11 13 21 20 4 4 12 26 13 11 19 3 1 23 18 0 17 14 30 8 3 10 16 20 2 19 14 18 10 13 21 2 22 20 1 9 30 20 16 15 8 9 30 28 11 25 16 15 18 2 9 17 6 24 
25 19 11 12 5 7 10 21 24 29 24 12 8 13 3 15 19 16 13 13 30 17 24 17 15 13 1 20 30 8 4 13 28 20 1 15 25 19 20 4 19 2 12 24 10 7 1 15 22 17 4 13 18 15 23 5 16 26 8 30 28 17 0 23 15 15 10 19 19 6 11 17 22 13 25 22 23 14 22 18 20 13 16 25 21 8 10 1 3 5 16 27 29 4 27 12 9 28 27 10 
15 12 16 4 11 26 4 30 30 26 23 15 13 5 9 17 24 24 10 21 7 23 4 9 1 12 13 21 5 10 26 17 20 12 11 10 15 29 5 20 6 24 5 12 19 20 6 5 18 10 18 2 11 11 13 13 2 4 22 17 22 14 23 0 26 18 29 10 5 4 17 5 15 28 2 15 16 24 19 30 11 18 12 5 23 1 18 7 25 9 20 26 3 26 15 10 1 21 9 24 
10 15 16 7 4 20 23 15 3 1 29 17 11 29 6 18 11 3 30 24 26 5 10 16 25 10 14 18 9 23 7 12 26 2 14 8 20 26 24 17 17 9 10 17 17 11 30 27 10 8 13 24 9 16 22 14 30 27 13 12 23 30 15 26 0 17 23 1 19 13 4 4 22 11 20 20 21 23 23 19 30 29 15 3 20 16 17 11 19 28 22 2 7 6 2 20 4 26 2 4 
30 30 4 19 20 25 17 30 5 4 24 18 16 22 4 24 12 27 22 6 25 21 11 5 14 25 4 3 9 5 25 7 26 23 24 16 16 27 10 17 21 25 6 30 17 6 11 16 28 18 5 15 13 23 25 11 21 26 15 19 13 8 15 18 17 0 18 17 10 25 26 7 6 18 5 8 28 7 3 17 12 29 23 27 19 14 9 20 5 10 19 26 8 3 28 20 9 2 30 1 
1 9 1 22 19 29 27 22 25 19 3 24 30 18 5 28 26 27 29 27 20 25 8 13 20 27 26 8 9 12 19 8 25 3 6 17 6 28 24 17 3 7 10 28 29 19 8 23 3 23 15 9 1 13 6 18 3 25 26 2 21 3 10 29 23 18 0 14 20 10 27 16 14 14 27 26 3 6 7 25 22 2 30 21 27 25 14 28 14 12 12 17 30 5 6 26 8 8 26 2 
14 22 10 29 26 18 30 21 20 24 16 2 4 2 2 27 21 9 25 1 11 26 9 23 22 11 1 13 12 16 13 12 12 25 29 12 27 2 24 6 25 11 19 12 29 23 11 8 15 14 13 30 13 27 1 28 5 28 20 12 20 10 19 10 1 17 14 0 12 3 28 15 11 27 7 8 9 5 23 29 23 17 13 4 16 22 24 29 30 26 20 1 16 10 9 25 26 23 10 29 
27 18 13 14 30 28 20 24 27 1 24 6 6 19 30 19 12 14 22 3 28 29 17 4 14 15 21 25 13 18 22 22 14 21 18 11 9 7 29 5 6 12 5 28 18 27 9 2 25 15 6 14 16 18 13 21 18 4 15 4 18 16 19 5 19 10 20 12 0 7 26 5 23 21 13 22 2 26 25 13 15 18 28 1 5 8 28 16 21 4 29 10 23 20 14 7 17 11 4 8 
30 20 11 19 13 23 10 8 22 18 8 10 2 13 7 23 13 7 1 14 16 7 2 24 9 26 3 15 9 10 16 29 13 8 2 13 22 23 12 10 7 12 28 28 20 27 27 24 28 15 16 15 23 30 21 23 16 28 19 27 14 20 6 4 13 25 10 3 7 0 8 16 19 4 6 16 12 23 21 20 21 29 20 14 13 18 14 27 25 1 21 13 28 5 14 5 2 10 13 20 
18 24 14 7 3 16 5 8 22 10 21 21 2 9 28 17 10 1 29 20 4 11 12 12 30 23 6 4 19 3 18 19 17 27 23 21 27 3 1 30 8 15 18 26 29 22 27 21 12 17 15 11 15 7 29 17 19 13 4 28 8 2 11 17 4 26 27 28 26 8 0 14 21 4 7 20 9 16 20 14 9 17 27 25 4 11 26 5 18 23 18 26 9 22 29 22 1 18 22 24 
30 1 26 16 19 22 29 11 23 22 21 24 26 5 14 18 15 24 3 2 1 20 1 3 12 8 15 19 15 17 20 25 26 26 19 3 17 11 23 2 6 25 23 17 28 23 9 8 7 18 17 17 10 6 12 9 5 11 2 8 30 19 17 5 4 7 16 15 5 16 14 0 30 4 25 12 15 9 25 4 10 5 26 3 14 23 13 1 16 19 24 5 25 25 18 13 16 26 27 25 
21 13 7 4 18 12 7 16 3 25 10 23 20 3 28 1 20 18 30 18 25 16 3 21 14 21 25 21 1 27 8 25 1 9 23 7 10 4 23 29 10 28 24 21 18 30 28 3 6 10 28 4 24 8 20 7 7 4 6 21 17 14 22 15 22 6 14 11 23 19 21 30 0 8 17 1 13 26 2 14 20 3 8 22 2 29 15 3 10 20 2 12 25 2 3 3 27 2 19 10 
4 26 9 22 8 9 5 22 15 24 21 27 1 15 2 29 11 25 3 7 24 16 5 18 13 20 13 2 5 10 9 3 19 25 22 20 19 22 22 3 29 30 5 26 26 1 10 24 5 6 19 6 23 18 26 7 12 15 27 21 13 18 13 28 11 18 14 27 21 4 4 4 8 0 12 10 3 18 16 20 12 28 11 28 25 6 29 21 12 29 17 8 11 20 8 8 21 25 23 7 
6 28 4 13 19 6 18 16 28 21 1 18 29 21 2 27 18 13 28 18 22 11 30 12 20 17 22 13 5 7 2 11 19 13 21 6 25 27 10 7 26 22 6 22 14 7 16 3 15 17 2 13 10 7 25 6 23 23 27 4 16 10 25 2 20 5 27 7 13 6 7 25 17 12 0 10 10 27 18 11 23 10 19 1 22 16 9 28 22 26 8 5 8 28 6 3 9 13 7 5 
21 27 9 10 3 18 30 8 30 5 14 9 25 27 21 10 17 17 1 14 12 4 13 18 15 5 17 3 9 23 21 29 4 18 28 7 26 21 15 1 4 28 15 12 28 11 14 2 30 20 19 18 21 28 20 6 5 30 27 14 27 13 22 15 20 8 26 8 22 16 20 12 1 10 10 0 6 27 18 30 26 28 27 20 3 11 13 30 23 7 6 2 15 7 13 26 4 23 29 10 
24 29 29 17 9 7 24 23 8 3 24 12 7 10 3 24 6 29 13 12 30 5 12 18 2 2 26 18 8 15 6 2 2 10 17 22 13 3 16 22 2 20 21 11 28 29 1 17 27 17 7 28 19 20 27 18 9 19 17 5 24 21 23 16 21 28 3 9 2 12 9 15 13 3 10 6 0 25 8 24 21 10 17 26 21 15 11 3 3 3 27 8 4 17 15 23 27 18 15 1 
28 24 24 16 12 10 2 14 28 17 21 20 22 29 30 6 1 16 9 2 29 29 30 28 4 11 27 4 7 1 22 15 19 19 14 20 20 5 6 2 26 13 21 21 15 16 10 17 2 10 19 14 13 30 29 6 29 17 1 26 11 2 14 24 23 7 6 5 26 23 16 9 26 18 27 27 25 0 20 6 15 14 18 4 7 1 8 10 7 17 20 10 30 10 9 30 12 9 10 2 
10 17 17 1 29 7 25 11 13 12 5 24 2 1 27 7 5 3 15 21 23 5 24 26 16 22 10 21 3 10 22 2 17 26 6 10 18 25 22 14 11 28 5 4 19 18 6 16 12 19 15 29 11 8 8 5 24 23 2 1 15 22 22 19 23 3 7 23 25 21 20 25 2 16 18 18 8 20 0 1 28 1 21 25 28 15 2 7 3 11 15 22 10 4 8 22 28 4 7 1 
4 26 7 11 10 8 11 18 26 19 21 8 16 2 17 12 9 13 9 30 9 23 21 24 25 4 30 27 26 26 30 27 1 20 29 30 9 23 5 24 29 22 5 6 17 2 21 19 19 27 16 29 28 2 8 4 12 21 14 12 4 20 18 30 19 17 25 29 13 20 14 4 14 20 11 30 24 6 1 0 7 21 29 5 20 20 22 29 22 1 15 24 1 18 8 27 16 6 27 18 
24 5 20 20 19 12 27 20 29 26 25 13 23 18 16 13 22 20 26 4 2 9 23 17 2 29 5 16 19 26 18 20 4 3 7 19 9 10 1 23 24 13 6 13 16 29 10 16 11 26 13 20 25 25 3 15 3 16 28 5 3 1 20 11 30 12 22 23 15 21 9 10 20 12 23 26 21 15 28 7 0 30 1 8 5 3 1 28 5 11 30 19 3 17 18 9 7 13 1 18 
11 17 14 28 18 3 29 30 14 10 30 18 17 2 17 17 8 29 26 24 18 8 8 22 21 17 5 2 18 20 17 6 29 3 8 14 10 14 12 28 5 3 3 2 6 2 2 23 26 7 10 24 10 11 27 19 13 22 26 5 7 9 13 18 29 29 2 17 18 29 17 5 3 28 10 28 10 14 1 21 30 0 9 12 9 18 13 28 13 17 17 18 15 9 3 6 25 16 19 13 
29 25 27 13 30 27 20 24 13 14 13 13 27 17 12 11 19 17 12 18 21 3 4 19 23 6 17 17 20 19 8 29 11 23 4 20 1 20 14 1 3 14 27 9 17 28 4 11 6 10 30 28 6 29 20 17 16 9 9 10 19 30 16 12 15 23 30 13 28 20 27 26 8 11 19 27 17 18 21 29 1 9 0 5 29 20 7 17 1 17 2 28 11 5 8 11 13 2 29 14 
24 18 1 29 4 9 26 30 6 17 26 6 24 27 4 4 5 26 21 22 15 21 22 1 23 18 27 8 7 4 28 5 11 6 19 16 20 11 18 3 27 30 20 29 28 12 14 30 19 22 12 16 4 20 11 5 1 5 14 1 20 20 25 5 3 27 21 4 1 14 25 3 22 28 1 20 26 4 25 5 8 12 5 0 24 27 19 16 27 17 29 26 3 26 23 2 5 18 14 18 
23 7 8 10 15 3 22 21 30 22 9 16 29 5 11 14 30 19 24 14 10 18 11 20 1 21 4 25 18 20 14 28 30 29 5 12 25 8 11 2 15 8 9 20 12 16 14 17 16 5 25 17 16 25 13 14 17 14 5 16 28 16 21 23 20 19 27 16 5 13 4 14 2 25 22 3 21 7 28 20 5 9 29 24 0 13 18 9 19 2 7 7 10 23 13 10 30 17 1 30 
17 14 1 1 29 25 30 9 11 12 28 26 20 2 2 12 4 19 28 27 25 27 9 10 26 21 9 1 14 12 9 30 12 30 19 1 2 1 28 1 5 27 8 23 7 18 30 26 16 22 25 5 6 2 7 5 15 12 28 21 23 15 8 1 16 14 25 22 8 18 11 23 29 6 16 11 15 1 15 20 3 18 20 27 13 0 19 9 7 18 17 24 18 29 6 8 3 7 16 6 
30 2 13 6 9 15 18 21 15 25 6 9 15 30 5 5 6 14 16 22 29 23 1 15 2 16 1 1 23 25 25 10 25 9 17 16 26 21 26 2 8 27 12 26 14 12 20 6 1 1 6 11 15 11 23 28 29 21 8 1 12 8 10 18 17 9 14 24 28 14 26 13 15 29 9 13 11 8 2 22 1 13 7 19 18 19 0 2 22 27 13 29 10 1 5 26 4 27 2 23 
14 16 5 7 4 3 27 8 5 17 25 28 11 9 18 19 25 2 25 24 27 2 17 22 27 29 15 28 28 15 22 16 18 14 4 1 15 23 17 18 2 16 21 7 26 5 7 19 19 27 27 5 5 14 28 11 7 12 23 16 4 9 1 7 11 20 28 29 16 27 5 1 3 21 28 30 3 10 7 29 28 28 17 16 9 9 2 0 19 14 16 6 27 7 19 15 26 22 30 4 
17 28 2 28 26 21 24 2 20 11 3 20 22 25 2 3 14 12 11 4 4 19 29 5 4 11 13 10 8 9 14 2 2 3 24 30 15 23 16 11 24 29 11 2 3 16 9 23 8 11 20 12 15 1 10 20 24 30 25 3 4 30 3 25 19 5 14 30 21 25 18 16 10 12 22 23 3 7 3 22 5 13 1 27 19 7 22 19 0 28 22 13 28 8 3 5 11 17 16 16 
27 12 24 11 2 19 23 30 30 1 27 11 27 4 15 2 24 28 13 9 8 6 11 5 19 25 26 15 19 20 13 19 21 5 9 4 29 6 11 11 10 11 6 8 9 3 12 16 29 4 9 5 4 12 4 26 8 25 22 25 12 28 5 9 28 10 12 26 4 1 23 19 20 29 26 7 3 17 11 1 11 17 17 17 2 18 27 14 28 0 17 22 12 14 27 28 19 8 28 15 
30 19 6 26 27 21 7 3 16 4 25 23 9 14 22 10 20 15 15 22 17 22 4 3 5 23 21 9 5 2 9 17 12 10 15 22 12 25 20 26 12 30 9 27 7 17 25 13 29 14 6 20 18 12 14 24 7 13 12 26 4 11 16 20 22 19 12 20 29 21 18 24 2 17 8 6 27 20 15 15 30 17 2 29 7 17 13 16 22 17 0 9 13 12 13 26 19 8 13 29 
22 18 15 19 10 11 6 25 7 15 20 8 4 3 5 27 2 1 26 9 9 4 12 30 17 4 23 24 18 2 16 3 19 18 7 21 8 25 4 1 2 6 28 28 8 11 21 1 20 13 29 7 4 12 1 23 23 14 29 19 29 25 27 26 2 26 17 1 10 13 26 5 12 8 5 2 8 10 22 24 19 18 28 26 7 24 29 6 13 22 9 0 20 28 4 6 22 28 20 21 
7 7 23 26 1 8 10 17 4 23 1 9 20 7 29 26 26 7 4 6 9 8 30 19 17 19 24 14 15 27 4 28 3 24 26 19 17 25 19 20 19 20 16 10 25 22 24 13 2 23 25 8 18 20 26 22 30 14 14 14 30 16 29 3 7 8 30 16 23 28 9 25 25 11 8 15 4 30 10 1 3 15 11 3 10 18 10 27 28 12 13 20 0 26 12 3 1 14 29 19 
10 17 17 5 20 13 14 21 14 15 12 20 23 1 13 21 4 10 16 16 23 19 26 5 25 1 26 6 13 26 22 27 16 21 2 22 15 17 21 1 3 21 10 11 5 24 19 18 15 21 1 26 11 20 12 11 26 12 25 3 7 15 4 26 6 3 5 10 20 5 22 25 2 20 28 7 17 10 4 18 17 9 5 26 23 29 1 7 8 14 12 28 26 0 16 2 25 15 29 4 
10 14 22 11 22 10 18 29 20 12 30 23 6 16 25 18 18 23 12 26 8 7 26 22 12 16 30 20 23 11 27 19 29 9 12 20 7 24 10 18 15 4 3 19 5 30 16 24 21 17 18 26 11 29 3 20 1 18 11 16 4 18 27 15 2 28 6 9 14 14 29 18 3 8 6 13 15 9 8 8 18 3 8 23 13 6 5 19 3 27 13 4 12 16 0 21 21 25 8 15 
19 16 14 14 1 2 6 12 18 10 9 8 4 21 23 11 22 23 5 26 14 17 21 29 18 29 8 5 7 6 27 13 21 8 15 28 23 19 26 7 7 8 14 13 25 19 19 18 6 24 2 7 27 22 26 5 24 30 19 18 23 2 12 10 20 20 26 25 7 5 22 13 3 8 3 26 23 30 22 27 9 6 11 2 10 8 26 15 5 28 26 6 3 2 21 0 12 17 3 29 
29 27 18 7 3 11 2 6 14 18 26 28 8 5 29 14 9 21 14 23 5 19 24 27 9 7 18 18 3 26 5 3 3 7 11 14 16 21 18 16 26 3 5 8 7 22 10 27 17 6 26 29 16 28 14 1 23 7 24 20 21 9 9 1 4 9 8 26 17 2 1 16 27 21 9 4 27 12 28 16 7 25 13 5 30 3 4 26 11 19 19 22 1 25 21 12 0 11 22 2 
16 12 27 9 14 6 23 17 30 13 23 22 13 24 29 10 23 1 5 28 5 22 27 7 26 13 23 23 21 5 6 13 28 4 30 27 30 12 22 7 8 25 18 12 1 10 20 24 7 20 22 15 22 14 5 12 10 7 2 17 19 17 28 21 26 2 8 23 11 10 18 26 2 25 13 23 18 9 4 6 13 16 2 18 17 7 27 22 17 8 8 28 14 15 25 17 11 0 9 27 
28 14 8 22 4 11 28 25 4 11 14 1 8 9 15 11 4 18 1 2 9 29 5 16 19 21 13 27 30 30 18 26 18 9 20 23 11 10 9 9 22 26 12 25 6 20 9 15 13 29 3 21 18 7 4 25 2 3 17 4 3 6 27 9 2 30 26 10 4 13 22 27 19 23 7 29 15 10 7 27 1 19 29 14 1 16 2 30 16 28 13 20 29 29 8 3 22 9 0 19 
17 12 21 4 27 26 22 26 22 26 28 28 16 22 1 12 7 4 6 26 7 10 20 27 30 27 1 11 3 21 1 17 15 24 24 19 23 10 14 10 6 14 29 2 16 11 22 6 15 15 30 29 30 26 18 6 9 5 15 5 1 24 10 24 4 1 2 29 8 20 24 25 10 7 5 10 1 2 1 18 18 13 14 18 30 6 23 4 16 15 29 21 19 4 15 29 2 27 19 0 
